BC:
  fluid_name: R125         # Fluid
  p0_in: 3.65e6            # Inlet total pressure
  T0_in: 463.15            # Inlet total temperature
  p_out: 1.585e6           # Exit static pressure
  alpha_in: 0              # Flow angle at first stator
  omega: 3458              # Rotational speed
  m : 10.92453438652732   # mass flow rate

loss_model: benner  # Loss model (Benner only for off-design, KO only other option)
displacement_thickness : 0
deviation_model : metal_angle

geometry:
  n_cascades: 2
  r_ht_in: [0.6, 0.6]     # Hub to tip ratio
  s: [0.00810605, 0.00730545]     # Pitch
  c: [0.01320986, 0.01090814]     # Chord
  b: [0.01011585, 0.00760931]     # Axial chord
  H: [0.02041524, 0.02181628]     # Blade halloght
  t_max: [0.00134406, 0.00110546] # Maximum blade thickness
  o: [0.00140105, 0.00170127]     # Throat opening
  We: [0.7854    , 0.78539816]    # Wedge angle (45 degrees in radians)
  le: [0.00600448, 0.00600448]      # Leading edge radius
  te: [0.00076057, 0.00760568]   # Trialing edge thickness
  xi: [0.69854224, -0.79878082] # Stagger angle
  theta_in: [0, -0.2618]   # Inlet metal angle
  theta_out: [ 1.39708449, -1.33576165] # Exit metal angle
  A_in: [0.00523744, 0.00523744]     # Inlet area
  A_out: [0.00523744, 0.0059563]   # Exit area
  t_cl: [0, 5e-4]            # Tip clearance
  radius: [0.04083048, 0.04083048]    # Radius (should be constant)